797
797
797
797
797
797
797
797
797
797
797
797
797
797
794
731
731
736
732
723
725
726
720
715
721
724
720
733
755
766
771
774
777
778
780
781
781
782
783
784
784
784
781
782
783
784
785
785
786
786
787
787
788
788
789
789
789
789
790
790
790
790
791
791
791
791
791
791
792
792
792
792
792
792
792
793
793
793
793
793
793
793
793
793
794
794
794
794
794
794
794
794
794
795
795
795
795
795
795
795
795
795
795
795
795
795
796
796
796
796
796
796
796
796
796
796
796
796
796
796
796
796
796
797
797
797
