
785
785
785
785
785
785
785
785
785
786
786
786
86
785
786
786
786
786
786
786
786
786
786
786
786
786
786
786
786
786
786
786
786
786
786
786
786
786
786
786
786
786
786
786
786
786
786
786
786
786
786
786
786
786
786
787
787
787
787
787
787
787
787
787
787
787
787
780
768
755
741
730
712
701
694
698
697
694
695
698
699
735
745
751
754
756
758
759
760
761
762
762
763
763
764
764
765
765
766
766
766
767
767
767
767
768
768
768
768
769
769
769
769
770
770
770
770
770
770
771
771
771
771
771
771
771
771
772
772
772
772
772
772
772
773
773
772
773
773
773
773
